------------------------------------------------------------------------------------------- benchmark: 6 tests -------------------------------------------------------------------------------------------
Name (time in ms)                           Min                 Max                Mean            StdDev              Median               IQR            Outliers      OPS            Rounds  Iterations
----------------------------------------------------------------------------------------------------------------------------------------------------------------------------------------------------------
test_json_file_10000_lines              30.7462 (1.0)       36.0745 (1.08)      31.2020 (1.0)      0.9522 (2.86)      30.9569 (1.0)      0.2021 (1.0)           2;4  32.0493 (1.0)          32           1
test_yaml_file_10000_lines              32.1273 (1.04)      33.4542 (1.0)       32.4525 (1.04)     0.3326 (1.0)       32.3510 (1.05)     0.2052 (1.02)          4;4  30.8143 (0.96)         31           1
test_go_source_10000_lines              36.3783 (1.18)      39.0460 (1.17)      36.9028 (1.18)     0.7650 (2.30)      36.6217 (1.18)     0.2641 (1.31)          4;4  27.0982 (0.85)         28           1
test_python_source_10000_lines          38.0952 (1.24)      42.3396 (1.27)      39.0930 (1.25)     1.1722 (3.52)      38.4818 (1.24)     1.4854 (7.35)          3;1  25.5800 (0.80)         26           1
test_javascript_source_10000_lines      40.0542 (1.30)      43.2919 (1.29)      40.4740 (1.30)     0.6782 (2.04)      40.2639 (1.30)     0.3012 (1.49)          2;2  24.7072 (0.77)         25           1
test_xml_file_10000_lines              141.2331 (4.59)     144.7808 (4.33)     142.6224 (4.57)     1.4392 (4.33)     142.6456 (4.61)     2.1341 (10.56)         1;0   7.0115 (0.22)          5           1
----------------------------------------------------------------------------------------------------------------------------------------------------------------------------------------------------------
