----------------------------------------------------------------------------------------- benchmark: 7 tests -----------------------------------------------------------------------------------------
Name (time in ms)                         Min                Max               Mean            StdDev             Median               IQR            Outliers       OPS            Rounds  Iterations
------------------------------------------------------------------------------------------------------------------------------------------------------------------------------------------------------
test_yaml_file_1000_lines              3.0462 (1.0)       3.4635 (1.0)       3.1119 (1.0)      0.0555 (1.0)       3.0960 (1.00)     0.0487 (1.30)        42;16  321.3489 (1.0)         305           1
test_json_file_1000_lines              3.0577 (1.00)      5.9311 (1.71)      3.1408 (1.01)     0.2365 (4.26)      3.0945 (1.0)      0.0457 (1.22)         9;25  318.3919 (0.99)        312           1
test_python_source_1000_lines          3.3479 (1.10)      4.0073 (1.16)      3.4076 (1.10)     0.0571 (1.03)      3.3897 (1.10)     0.0374 (1.0)         29;24  293.4648 (0.91)        254           1
test_go_source_1000_lines              3.3994 (1.12)      4.2632 (1.23)      3.4987 (1.12)     0.1352 (2.44)      3.4451 (1.11)     0.0878 (2.34)        29;26  285.8206 (0.89)        272           1
test_javascript_source_1000_lines      3.6624 (1.20)      4.7992 (1.39)      3.7819 (1.22)     0.2012 (3.63)      3.7090 (1.20)     0.0775 (2.07)        23;30  264.4192 (0.82)        251           1
test_xml_file_1000_lines              13.6560 (4.48)     14.4647 (4.18)     13.7949 (4.43)     0.1401 (2.53)     13.7591 (4.45)     0.1241 (3.31)          7;5   72.4904 (0.23)         72           1
test_lorem_ipsum_times_1000_times     38.7379 (12.72)    39.3488 (11.36)    38.9143 (12.51)    0.2312 (4.17)     38.8313 (12.55)    0.2411 (6.44)          1;0   25.6975 (0.08)          6           1
------------------------------------------------------------------------------------------------------------------------------------------------------------------------------------------------------
