------------------------------------------------------------------------------------------------- benchmark: 7 tests ------------------------------------------------------------------------------------------------
Name (time in us)                           Min                   Max                  Mean             StdDev                Median                IQR            Outliers         OPS            Rounds  Iterations
---------------------------------------------------------------------------------------------------------------------------------------------------------------------------------------------------------------------
test_python_source_100_lines           218.5730 (1.0)        253.3998 (1.0)        224.6916 (1.0)       6.1665 (1.0)        222.3137 (1.0)       3.9793 (1.0)       295;286  4,450.5449 (1.0)        2372           1
test_go_source_100_lines               295.6730 (1.35)       379.5722 (1.50)       304.4212 (1.35)      8.2506 (1.34)       301.7252 (1.36)      5.8329 (1.47)      317;281  3,284.9226 (0.74)       2242           1
test_json_file_100_lines               342.6792 (1.57)     1,320.9963 (5.21)       355.6803 (1.58)     26.7468 (4.34)       349.8094 (1.57)      8.9831 (2.26)      116;229  2,811.5139 (0.63)       2230           1
test_javascript_source_100_lines       356.1969 (1.63)       942.8030 (3.72)       369.2189 (1.64)     19.4835 (3.16)       363.7727 (1.64)      8.0499 (2.02)      190;259  2,708.4204 (0.61)       1845           1
test_yaml_file_100_lines               357.0039 (1.63)       922.1402 (3.64)       367.0079 (1.63)     14.9284 (2.42)       364.1550 (1.64)      7.6706 (1.93)      160;179  2,724.7368 (0.61)       2101           1
test_xml_file_100_lines              1,285.3416 (5.88)     1,689.7409 (6.67)     1,319.6679 (5.87)     52.3346 (8.49)     1,302.1831 (5.86)     16.4732 (4.14)        50;85    757.7664 (0.17)        570           1
test_lorem_ipsum_times_100_times     3,758.5208 (17.20)    3,906.5722 (15.42)    3,811.7562 (16.96)    53.4766 (8.67)     3,791.6652 (17.06)    67.4420 (16.95)         2;0    262.3463 (0.06)          7           1
---------------------------------------------------------------------------------------------------------------------------------------------------------------------------------------------------------------------
