--------------------------------------------------------------------------------------------- benchmark: 7 tests --------------------------------------------------------------------------------------------
Name (time in us)                        Min                 Max                Mean            StdDev              Median                IQR            Outliers  OPS (Kops/s)            Rounds  Iterations
-------------------------------------------------------------------------------------------------------------------------------------------------------------------------------------------------------------
test_go_source_10_lines              15.1526 (1.0)      578.3690 (14.60)     16.0421 (1.0)      4.1518 (5.28)      15.7747 (1.0)       0.5434 (1.57)      56;1364       62.3359 (1.0)       19060           1
test_python_source_10_lines          20.1673 (1.33)      39.6031 (1.0)       21.0267 (1.31)     0.7857 (1.0)       20.8057 (1.32)      0.3451 (1.0)     1271;1754       47.5586 (0.76)      14374           1
test_javascript_source_10_lines      40.6797 (2.68)     180.4512 (4.56)      42.4714 (2.65)     2.3185 (2.95)      41.7503 (2.65)      1.1958 (3.47)    1107;1272       23.5453 (0.38)      10362           1
test_json_file_10_lines              41.6152 (2.75)     115.3070 (2.91)      43.4233 (2.71)     1.9485 (2.48)      42.7789 (2.71)      0.9569 (2.77)    1344;1550       23.0291 (0.37)      11187           1
test_yaml_file_10_lines              42.7519 (2.82)      94.1860 (2.38)      44.2369 (2.76)     1.4753 (1.88)      43.7489 (2.77)      0.8040 (2.33)    1204;1350       22.6056 (0.36)      10760           1
test_xml_file_10_lines              106.7780 (7.05)     664.2281 (16.77)    111.2348 (6.93)     9.6285 (12.25)    108.8639 (6.90)      4.2028 (12.18)     244;366        8.9900 (0.14)       4548           1
test_lorem_ipsum_times_10_times     381.7701 (25.19)    408.8860 (10.32)    389.9434 (24.31)    9.6910 (12.33)    388.1017 (24.60)    11.5401 (33.44)         1;0        2.5645 (0.04)          7           1
-------------------------------------------------------------------------------------------------------------------------------------------------------------------------------------------------------------
