--------------------------------------------------------------------------------------------------------------------- benchmark: 32 tests ----------------------------------------------------------------------------------------------------------------------
Name (time in ns)                                   Min                         Max                        Mean                    StdDev                      Median                     IQR            Outliers              OPS            Rounds  Iterations
----------------------------------------------------------------------------------------------------------------------------------------------------------------------------------------------------------------------------------------------------------------
test_estimate_empty_string                      74.1333 (1.0)            6,821.7888 (1.0)               76.6761 (1.0)             27.4039 (1.0)               76.0378 (1.0)            0.7451 (1.0)      593;8257  13,041,868.7583 (1.0)      108415         100
test_estimate_hello_world                    3,371.3877 (45.48)         16,422.9423 (2.41)           5,741.0050 (74.87)        4,790.1046 (174.80)         3,702.9386 (48.70)      1,956.1267 (>1000.0)       1;1     174,185.5313 (0.01)          7           1
test_pangram                                 5,722.0459 (77.19)         16,869.0458 (2.47)           6,244.7528 (81.44)          433.4625 (15.82)          6,142.0724 (80.78)        381.8423 (512.50)   1037;385     160,134.4410 (0.01)      11232           1
test_go_source_10_lines                     15,052.9668 (203.05)       573,324.0396 (84.04)         15,894.1907 (207.29)       3,923.5406 (143.17)        15,703.0299 (206.52)       328.7569 (441.25)    91;1757      62,916.0691 (0.00)      21077           1
test_python_source_10_lines                 20,625.0697 (278.22)       576,927.7923 (84.57)         21,892.0217 (285.51)       4,466.8135 (163.00)        21,490.7341 (282.63)       510.8304 (685.63)   118;2345      45,678.7414 (0.00)      16496           1
test_javascript_source_10_lines             40,545.5939 (546.93)        74,259.9368 (10.89)         42,140.8978 (549.60)       1,614.8333 (58.93)         41,599.8511 (547.09)       730.6226 (980.63)  1343;1731      23,729.9168 (0.00)      11367           1
test_json_file_10_lines                     41,179.3590 (555.48)        63,438.8998 (9.30)          42,673.5777 (556.54)       1,452.9068 (53.02)         42,182.8590 (554.76)       763.4517 (>1000.0) 1447;1644      23,433.7043 (0.00)      12165           1
test_lorem_ipsum                            41,251.0708 (556.44)       100,461.3005 (14.73)         42,699.3818 (556.88)       1,476.2701 (53.87)         42,238.7384 (555.50)       596.5121 (800.63)   902;1139      23,419.5428 (0.00)       7192           1
test_yaml_file_10_lines                     42,806.8452 (577.43)        94,943.6799 (13.92)         44,186.5623 (576.28)       1,488.5125 (54.32)         43,723.7322 (575.03)       761.1234 (>1000.0) 1111;1299      22,631.3148 (0.00)       9812           1
test_xml_file_10_lines                     107,286.9636 (>1000.0)      675,765.7975 (99.06)        112,268.7673 (>1000.0)      9,675.2443 (353.06)       109,734.9450 (>1000.0)    4,483.9690 (>1000.0)   253;369       8,907.1968 (0.00)       4775           1
test_python_source_100_lines               220,843.1251 (>1000.0)      278,606.0795 (40.84)        227,176.8773 (>1000.0)      5,663.8398 (206.68)       225,228.0246 (>1000.0)    3,848.4577 (>1000.0)   280;264       4,401.8564 (0.00)       2540           1
test_go_source_100_lines                   300,145.7080 (>1000.0)      380,235.7242 (55.74)        309,046.7828 (>1000.0)      9,011.1573 (328.83)       305,903.3770 (>1000.0)    6,431.9465 (>1000.0)   310;271       3,235.7561 (0.00)       2276           1
test_json_file_100_lines                   342,932.9954 (>1000.0)      399,621.2035 (58.58)        351,408.9556 (>1000.0)      7,439.4741 (271.47)       349,391.7175 (>1000.0)    6,267.1024 (>1000.0)   294;187       2,845.6873 (0.00)       2345           1
test_yaml_file_100_lines                   358,555.0003 (>1000.0)      924,638.9382 (135.54)       368,147.8592 (>1000.0)     14,215.7877 (518.75)       365,515.4724 (>1000.0)    6,963.0332 (>1000.0)   157;207       2,716.2999 (0.00)       2236           1
test_javascript_source_100_lines           360,109.8433 (>1000.0)      840,388.2384 (123.19)       378,388.2857 (>1000.0)     41,391.4959 (>1000.0)      367,078.9301 (>1000.0)    5,737.1799 (>1000.0)   105;267       2,642.7879 (0.00)       1876           1
test_lorem_ipsum_times_10_times            380,176.1195 (>1000.0)      963,095.1099 (141.18)       391,377.4602 (>1000.0)     17,133.2415 (625.21)       387,731.9396 (>1000.0)    5,505.5134 (>1000.0)   159;282       2,555.0782 (0.00)       2085           1
test_xml_file_100_lines                  1,295,210.3280 (>1000.0)    1,451,696.2692 (212.80)     1,315,802.5129 (>1000.0)     23,112.4934 (843.40)     1,307,433.0054 (>1000.0)   10,217.1907 (>1000.0)     81;99         759.9925 (0.00)        657           1
test_yaml_file_1000_lines                3,027,488.9432 (>1000.0)    3,353,831.3583 (491.64)     3,075,777.6218 (>1000.0)     41,082.7537 (>1000.0)    3,065,036.3769 (>1000.0)   40,851.9991 (>1000.0)     53;16         325.1210 (0.00)        298           1
test_json_file_1000_lines                3,067,789.1336 (>1000.0)    3,691,321.7045 (541.11)     3,129,444.8565 (>1000.0)     72,181.4295 (>1000.0)    3,108,825.3018 (>1000.0)   45,932.8294 (>1000.0)     24;22         319.5455 (0.00)        300           1
test_python_source_1000_lines            3,366,677.0905 (>1000.0)    3,982,889.0003 (583.85)     3,435,896.0845 (>1000.0)     72,826.6963 (>1000.0)    3,410,079.9821 (>1000.0)   59,533.6314 (>1000.0)     27;14         291.0449 (0.00)        257           1
test_go_source_1000_lines                3,412,469.7559 (>1000.0)    7,906,195.7076 (>1000.0)    3,805,140.4564 (>1000.0)    752,988.9597 (>1000.0)    3,464,819.8634 (>1000.0)  125,768.9437 (>1000.0)     36;57         262.8024 (0.00)        273           1
test_javascript_source_1000_lines        3,699,677.0650 (>1000.0)    5,528,182.2570 (810.37)     3,885,503.4667 (>1000.0)    332,408.2036 (>1000.0)    3,759,389.7432 (>1000.0)  112,549.8675 (>1000.0)     20;30         257.3669 (0.00)        195           1
test_lorem_ipsum_times_100_times         3,805,972.1701 (>1000.0)    4,137,665.0333 (606.54)     3,867,735.8610 (>1000.0)     51,483.9083 (>1000.0)    3,849,689.3831 (>1000.0)   69,104.6007 (>1000.0)      65;7         258.5492 (0.00)        246           1
test_xml_file_1000_lines                13,725,788.7982 (>1000.0)   14,336,741.9951 (>1000.0)   13,888,592.5957 (>1000.0)    146,156.7335 (>1000.0)   13,858,046.8483 (>1000.0)  151,344.6914 (>1000.0)      12;5          72.0015 (0.00)         71           1
test_json_file_10000_lines              30,614,770.9489 (>1000.0)   41,291,343.9795 (>1000.0)   31,232,803.2698 (>1000.0)  1,864,544.3757 (>1000.0)   30,829,567.9279 (>1000.0)  185,649.9584 (>1000.0)       2;3          32.0176 (0.00)         33           1
test_yaml_file_10000_lines              32,053,054.3104 (>1000.0)   33,428,537.1937 (>1000.0)   32,417,674.4288 (>1000.0)    346,891.8903 (>1000.0)   32,318,129.2042 (>1000.0)  162,514.3923 (>1000.0)       8;5          30.8474 (0.00)         31           1
test_go_source_10000_lines              36,912,719.2535 (>1000.0)   50,185,984.9319 (>1000.0)   38,019,678.9004 (>1000.0)  2,816,797.4512 (>1000.0)   37,171,214.8190 (>1000.0)  256,939.0927 (>1000.0)       2;5          26.3022 (0.00)         27           1
test_python_source_10000_lines          38,647,318.7245 (>1000.0)   43,328,269.8505 (>1000.0)   39,156,523.0489 (>1000.0)  1,110,715.8711 (>1000.0)   38,859,646.3017 (>1000.0)  246,455.7765 (>1000.0)       2;2          25.5385 (0.00)         25           1
test_lorem_ipsum_times_1000_times       38,836,888.9689 (>1000.0)   40,813,922.8821 (>1000.0)   39,227,780.4382 (>1000.0)    427,654.6131 (>1000.0)   39,127,687.4579 (>1000.0)  240,237.9178 (>1000.0)       3;3          25.4921 (0.00)         26           1
test_javascript_source_10000_lines      40,778,744.0345 (>1000.0)   44,167,893.0074 (>1000.0)   41,378,505.6832 (>1000.0)    808,590.3945 (>1000.0)   41,062,801.3778 (>1000.0)  349,134.6724 (>1000.0)       3;4          24.1671 (0.00)         24           1
test_lorem_ipsum_times_2000_times       78,671,529.8891 (>1000.0)   84,521,619.1374 (>1000.0)   79,691,976.0581 (>1000.0)  1,559,441.8784 (>1000.0)   79,267,096.2401 (>1000.0)  869,361.5673 (>1000.0)       1;1          12.5483 (0.00)         13           1
test_xml_file_10000_lines              141,563,752.2005 (>1000.0)  142,660,781.7411 (>1000.0)  141,987,299.9457 (>1000.0)    337,091.1551 (>1000.0)  141,926,643.9043 (>1000.0)  204,731.4774 (>1000.0)       2;1           7.0429 (0.00)          7           1
----------------------------------------------------------------------------------------------------------------------------------------------------------------------------------------------------------------------------------------------------------------

Legend:
  Outliers: 1 Standard Deviation from Mean; 1.5 IQR (InterQuartile Range) from 1st Quartile and 3rd Quartile.
  OPS: Operations Per Second, computed as 1 / Mean
============================= 32 passed in 25.47s ==============================
